0, 1 59;
1, 1 60;
2, 2 103;
3, 0 79;
4, 0 81;
5, 3 44;
6, 3 34;
7, 3 33;
8, 1 58;
9, 2 99;
10, 0 76;
11, 0 80;
12, 3 45;
13, 3 43;
14, 3 32;
15, 1 57;
16, 1 54;
17, 2 101;
18, 0 71;
19, 0 69;
20, 1 79;
21, 3 64;
22, 1 56;
23, 2 96;
24, 0 70;
25, 0 67;
26, 2 109;
27, 1 122;
28, 1 80;
29, 1 52;
30, 1 55;
31, 2 100;
32, 0 66;
33, 0 68;
34, 1 120;
35, 1 78;
36, 1 74;
37, 1 53;
38, 2 102;
39, 0 61;
40, 0 65;
41, 2 108;
42, 1 121;
43, 1 73;
44, 1 75;
45, 1 77;
46, 1 119;
47, 0 62;
48, 0 60;
49, 2 97;
50, 1 50;
51, 1 49;
52, 1 51;
53, 2 98;
54, 0 59;
55, 0 64;
56, 0 57;
57, 1 117;
58, 1 72;
59, 1 71;
60, 0 108;
61, 1 116;
62, 0 51;
63, 0 58;
64, 2 95;
65, 1 45;
66, 1 48;
67, 1 44;
68, 2 94;
69, 0 55;
70, 0 63;
71, 0 63;
72, 0 53;
73, 1 115;
74, 1 70;
75, 1 69;
